773

470. 73 p. 471. 75 (514) p. 472. 77 41 78 (514) p. 473
41 474. 79 (1476. 80 (1476. 81 (444(11114)(1477. 82
4186 41 89 (1478. 91 (514) (1479. 92 p. 481. 97
(514) (1482 41483. 100 (1456. 103 (514) (1485. 104
(1485. 105 (1486 not. 106 (514) (1486. 107 (514) p.
487. 109 (1488 41489. 110 (514) (1489. 11141112
(1490. 114 (1490. 115 p. 491.Δ 116 p. 453. 117 p.
492 41493. 118 (1494. 120 (141) (1494. 456 4157
p. 495. 122141 (1496 41497. 124 p. 498. 126 p. 475.
128 41 129 41 130 p. 498. 131 (1499 411141. 41 (1500.
133 (514) (1501. 134 ibd. 41 (1502. 135 (1503. 137
(1336. 140 p. 503. 141 (1505. 143 p. 506. 145 41
146 (1507.

In Vatinium 2p. 508. 3 (141) 1511415509. 5(1509.
7(1510. 8(141) ibd. 41 (1511. 941 10 (1511. 1141
12 41 14 41 15 41 16 (1512. 18 41 19 p. 513. 20 41
22 41 24 p. 514. 25 p. 516. 26 (141) (1517. 27 4128
(514) (1518. 29 p. 519. 30 (1514. 32 (1519 41 520. 33
(1514, 521, 522. 34 41 354136 4137 (1523. 39 41
41 (1524.

Pro Caelio 3 (514) p. 390. 10 p. 391. 16 p. 392.
20 (1379. 21 (1392 not. 23 (1379. 24 (1393. 29 p.
379. 32 p. 393. 33 4136 (1394. 37 (1379. 43 4145
(1396. 46 (514) (1397. 505399. 52 (1400. 54 (1402.
58 4161 (1403. 67 41 71 (1404. 70 41 72 (1405. 73
41 77 (1407. 78 (514) p. 409.

04Ρ101111411405114111.1 (1520. 67154 415. 7

11561141. 8419 (514)ΙΙ (17. 9(1 396. 154116
41171159411151. 19 41 22 4127 (141) 11 (110 41
not. 31 11 p. 5. 33 41 35 (514) 41 36 11 p. 11. 37 41
38 (514) 41 39 Π (112 41 noi. 4011 p.13 not.

Pro Balbo 3 41 4 ΙΙ (114. 5(141) 11 (115 41 16.
, 6(saepius) II p. 16 sqq. 7 ΙΙ p. 18. 9(saepius) il p. 18.
10 (514) 41 11 Π p. 19. 12 41 13 11 (120 41 not. 14
(saepius) ll p. 20 sqq. 15 (141) 41 16 ll p. 22 sqq. 22
Il (123 41 (124 not. 1411114111. 25 (141) ll p. 24
sqq. 28 (saepius) Π p. 26 sqq. 29 (saepius) Il p. 28. 30
11 p. 29 not. 31 4132 (saepius) II (130 sqq. 33 (saepius)

 

